6,6;0,3,5;1,1,2;2,1,2;2,1,5;2,2,4;
7,7;0,4,3;1,5,1;2,1,2;2,3,1;3,2,2;4,1,3;5,2,5;
4,17;0,1,1;1,3,3;2,4,3;2,8,2;3,7,1;3,2,1;4,7,2;
5,20;0,5,2;1,2,3;1,2,3;2,2,4;3,2,2;4,5,4;5,4,2;6,3,5;8,1,4;8,1,3;
12,9;0,2,1;0,1,4;0,2,1;0,3,4;1,1,1;1,1,2;1,2,3;2,3,3;3,4,1;3,1,4;3,4,1;3,1,5;4,4,3;4,5,3;5,3,4;6,2,2;7,1,1;
12,10;0,5,2;1,2,4;1,5,4;1,5,2;2,5,2;3,5,1;4,1,5;5,3,5;6,2,5;6,2,4;
12,10;0,1,2;0,5,2;0,4,4;0,1,5;0,4,4;1,1,4;1,5,3;2,4,5;2,2,2;2,4,2;3,2,2;5,2,2;7,1,4;7,2,3;
10,16;0,7,5;2,4,4;2,3,1;2,5,5;3,2,3;5,4,2;5,3,3;6,2,4;7,1,1;7,3,4;7,3,1;8,6,4;
6,20;0,1,4;0,5,1;2,4,4;2,5,1;2,1,3;2,4,4;4,3,5;5,1,3;5,2,2;5,4,4;6,1,1;6,2,2;7,2,5;8,5,1;10,4,1;
9,20;0,1,1;0,3,1;0,5,4;1,4,2;1,2,5;1,4,2;1,4,5;2,5,4;2,3,4;2,3,4;3,4,5;4,1,1;4,3,2;5,4,1;6,3,4;6,2,1;6,1,3;7,2,1;8,1,1;
8,24;0,5,5;0,4,1;0,5,4;1,2,4;1,5,5;2,5,3;2,1,2;2,3,4;3,3,5;3,6,2;3,1,1;3,3,5;3,1,1;4,5,1;4,1,2;6,2,1;7,2,4;7,1,5;8,1,3;8,1,1;
12,30;0,3,1;0,6,1;0,5,3;2,4,1;2,6,4;2,5,5;5,1,4;5,4,5;5,8,2;7,8,1;7,12,3;7,7,3;8,9,1;9,2,2;12,10,1;13,2,2;13,6,2;14,8,5;15,1,3;15,3,5;16,6,4;17,5,1;18,9,2;23,4,1;
